[[1.0, 0.6696428571428571, 0.8142361111111112, 0.2359855334538879, 0.9095816464237517, 0.7844408427876823, 0.7844408427876823, 0.7844408427876823, 0.8065630397236615, 0.21981981981981982, 0.5702614379084967, 0.352622061482821, 0.40958408679927666, 0.4412296564195298, 0.3644148430066603, 0.4394213381555154, 0.3644148430066603, 0.33544303797468356, 0.4394213381555154, 0.4403254972875226, 0.5296551724137931, 0.29927667269439423], [0.6696428571428571, 1.0, 0.9965277777777778, 0.20153061224489796, 0.6855600539811066, 0.9708265802269044, 0.9708265802269044, 0.9708265802269044, 0.9671848013816926, 0.1837837837837838, 0.5392156862745098, 0.47066326530612246, 0.5076530612244898, 0.5076530612244898, 0.46683673469387754, 0.5051020408163265, 0.46683673469387754, 0.4489795918367347, 0.5051020408163265, 0.5012755102040817, 0.5006896551724138, 0.31760204081632654], [0.8142361111111112, 0.9965277777777778, 1.0, 0.2152777777777778, 0.8107638888888888, 0.9756944444444444, 0.9756944444444444, 0.9756944444444444, 0.96875, 0.14954954954954955, 0.5381944444444444, 0.59375, 0.5972222222222222, 0.5972222222222222, 0.59375, 0.59375, 0.59375, 0.59375, 0.59375, 0.5885416666666666, 0.5833333333333334, 0.3177083333333333], [0.2359855334538879, 0.20153061224489796, 0.2152777777777778, 1.0, 0.24426450742240216, 0.21231766612641814, 0.21231766612641814, 0.21231766612641814, 0.21761658031088082, 0.9747747747747748, 0.2777777777777778, 0.20417633410672853, 0.225445503522586, 0.2051413881748072, 0.2340627973358706, 0.20853080568720378, 0.2340627973358706, 0.23217115689381934, 0.21068548387096775, 0.26097560975609757, 0.2482758620689655, 0.3432926829268293], [0.9095816464237517, 0.6855600539811066, 0.8107638888888888, 0.24426450742240216, 1.0, 0.7925445705024311, 0.7925445705024311, 0.7925445705024311, 0.8169257340241797, 0.20540540540540542, 0.5522875816993464, 0.46153846153846156, 0.4966261808367072, 0.4966261808367072, 0.45209176788124156, 0.4939271255060729, 0.45209176788124156, 0.43454790823211875, 0.4939271255060729, 0.49527665317139, 0.4606896551724138, 0.3333333333333333], [0.7844408427876823, 0.9708265802269044, 0.9756944444444444, 0.21231766612641814, 0.7925445705024311, 1.0, 1.0, 1.0, 0.9930915371329879, 0.15675675675675677, 0.5441176470588235, 0.5996758508914101, 0.6029173419773096, 0.6029173419773096, 0.5996758508914101, 0.5996758508914101, 0.5996758508914101, 0.5753646677471637, 0.5996758508914101, 0.5980551053484603, 0.5899513776337115, 0.3273905996758509], [0.7844408427876823, 0.9708265802269044, 0.9756944444444444, 0.21231766612641814, 0.7925445705024311, 1.0, 1.0, 1.0, 0.9930915371329879, 0.15675675675675677, 0.5441176470588235, 0.5996758508914101, 0.6029173419773096, 0.6029173419773096, 0.5996758508914101, 0.5996758508914101, 0.5996758508914101, 0.5753646677471637, 0.5996758508914101, 0.5980551053484603, 0.5899513776337115, 0.3273905996758509], [0.7844408427876823, 0.9708265802269044, 0.9756944444444444, 0.21231766612641814, 0.7925445705024311, 1.0, 1.0, 1.0, 0.9930915371329879, 0.15675675675675677, 0.5441176470588235, 0.5996758508914101, 0.6029173419773096, 0.6029173419773096, 0.5996758508914101, 0.5996758508914101, 0.5996758508914101, 0.5753646677471637, 0.5996758508914101, 0.5980551053484603, 0.5899513776337115, 0.3273905996758509], [0.8065630397236615, 0.9671848013816926, 0.96875, 0.21761658031088082, 0.8169257340241797, 0.9930915371329879, 0.9930915371329879, 0.9930915371329879, 1.0, 0.14234234234234233, 0.5526770293609672, 0.6079447322970639, 0.6113989637305699, 0.6113989637305699, 0.6079447322970639, 0.6079447322970639, 0.6079447322970639, 0.6079447322970639, 0.6079447322970639, 0.6027633851468048, 0.5975820379965457, 0.32469775474956825], [0.21981981981981982, 0.1837837837837838, 0.14954954954954955, 0.9747747747747748, 0.20540540540540542, 0.15675675675675677, 0.15675675675675677, 0.15675675675675677, 0.14234234234234233, 1.0, 0.21621621621621623, 0.22162162162162163, 0.25765765765765763, 0.25765765765765763, 0.20540540540540542, 0.25765765765765763, 0.20540540540540542, 0.20540540540540542, 0.25765765765765763, 0.3009009009009009, 0.21081081081081082, 0.8108108108108109], [0.5702614379084967, 0.5392156862745098, 0.5381944444444444, 0.2777777777777778, 0.5522875816993464, 0.5441176470588235, 0.5441176470588235, 0.5441176470588235, 0.5526770293609672, 0.21621621621621623, 1.0, 0.5669934640522876, 0.5686274509803921, 0.5686274509803921, 0.5604575163398693, 0.5637254901960784, 0.5604575163398693, 0.5473856209150327, 0.5637254901960784, 0.565359477124183, 0.5571895424836601, 0.3382352941176471], [0.352622061482821, 0.47066326530612246, 0.59375, 0.20417633410672853, 0.46153846153846156, 0.5996758508914101, 0.5996758508914101, 0.5996758508914101, 0.6079447322970639, 0.22162162162162163, 0.5669934640522876, 1.0, 0.388631090487239, 0.8799303944315545, 0.9923882017126546, 0.9466357308584686, 0.9923882017126546, 0.993660855784469, 0.9930394431554525, 0.9947795823665894, 0.9806896551724138, 0.2529002320185615], [0.40958408679927666, 0.5076530612244898, 0.5972222222222222, 0.225445503522586, 0.4966261808367072, 0.6029173419773096, 0.6029173419773096, 0.6029173419773096, 0.6113989637305699, 0.25765765765765763, 0.5686274509803921, 0.388631090487239, 1.0, 0.9991711562370493, 0.6032350142721218, 0.9946125155408205, 0.6032350142721218, 0.46909667194928684, 0.7936179030252797, 0.8329879817654372, 0.9075862068965517, 0.26688769167012016], [0.4412296564195298, 0.5076530612244898, 0.5972222222222222, 0.2051413881748072, 0.4966261808367072, 0.6029173419773096, 0.6029173419773096, 0.6029173419773096, 0.6113989637305699, 0.25765765765765763, 0.5686274509803921, 0.8799303944315545, 0.9991711562370493, 1.0, 0.994291151284491, 0.9623815165876777, 0.994291151284491, 0.9952456418383518, 0.928763440860215, 0.7763496143958869, 0.9793103448275862, 0.25861182519280207], [0.3644148430066603, 0.46683673469387754, 0.59375, 0.2340627973358706, 0.45209176788124156, 0.5996758508914101, 0.5996758508914101, 0.5996758508914101, 0.6079447322970639, 0.20540540540540542, 0.5604575163398693, 0.9923882017126546, 0.6032350142721218, 0.994291151284491, 1.0, 1.0, 1.0, 0.9600380589914367, 1.0, 0.9952426260704091, 0.9420689655172414, 0.2768791627021884], [0.4394213381555154, 0.5051020408163265, 0.59375, 0.20853080568720378, 0.4939271255060729, 0.5996758508914101, 0.5996758508914101, 0.5996758508914101, 0.6079447322970639, 0.25765765765765763, 0.5637254901960784, 0.9466357308584686, 0.9946125155408205, 0.9623815165876777, 1.0, 1.0, 1.0, 1.0, 0.9714381720430108, 0.8838862559241706, 0.9875862068965517, 0.2517772511848341], [0.3644148430066603, 0.46683673469387754, 0.59375, 0.2340627973358706, 0.45209176788124156, 0.5996758508914101, 0.5996758508914101, 0.5996758508914101, 0.6079447322970639, 0.20540540540540542, 0.5604575163398693, 0.9923882017126546, 0.6032350142721218, 0.994291151284491, 1.0, 1.0, 1.0, 0.9600380589914367, 1.0, 0.9952426260704091, 0.9420689655172414, 0.2768791627021884], [0.33544303797468356, 0.4489795918367347, 0.59375, 0.23217115689381934, 0.43454790823211875, 0.5753646677471637, 0.5753646677471637, 0.5753646677471637, 0.6079447322970639, 0.20540540540540542, 0.5473856209150327, 0.993660855784469, 0.46909667194928684, 0.9952456418383518, 0.9600380589914367, 1.0, 0.9600380589914367, 1.0, 1.0, 0.9960380348652932, 0.8841379310344828, 0.28129952456418383], [0.4394213381555154, 0.5051020408163265, 0.59375, 0.21068548387096775, 0.4939271255060729, 0.5996758508914101, 0.5996758508914101, 0.5996758508914101, 0.6079447322970639, 0.25765765765765763, 0.5637254901960784, 0.9930394431554525, 0.7936179030252797, 0.928763440860215, 1.0, 0.9714381720430108, 1.0, 1.0, 1.0, 0.9868951612903226, 0.9875862068965517, 0.25033602150537637], [0.4403254972875226, 0.5012755102040817, 0.5885416666666666, 0.26097560975609757, 0.49527665317139, 0.5980551053484603, 0.5980551053484603, 0.5980551053484603, 0.6027633851468048, 0.3009009009009009, 0.565359477124183, 0.9947795823665894, 0.8329879817654372, 0.7763496143958869, 0.9952426260704091, 0.8838862559241706, 0.9952426260704091, 0.9960380348652932, 0.9868951612903226, 1.0, 0.9875862068965517, 0.23707426018983807], [0.5296551724137931, 0.5006896551724138, 0.5833333333333334, 0.2482758620689655, 0.4606896551724138, 0.5899513776337115, 0.5899513776337115, 0.5899513776337115, 0.5975820379965457, 0.21081081081081082, 0.5571895424836601, 0.9806896551724138, 0.9075862068965517, 0.9793103448275862, 0.9420689655172414, 0.9875862068965517, 0.9420689655172414, 0.8841379310344828, 0.9875862068965517, 0.9875862068965517, 1.0, 0.31310344827586206], [0.29927667269439423, 0.31760204081632654, 0.3177083333333333, 0.3432926829268293, 0.3333333333333333, 0.3273905996758509, 0.3273905996758509, 0.3273905996758509, 0.32469775474956825, 0.8108108108108109, 0.3382352941176471, 0.2529002320185615, 0.26688769167012016, 0.25861182519280207, 0.2768791627021884, 0.2517772511848341, 0.2768791627021884, 0.28129952456418383, 0.25033602150537637, 0.23707426018983807, 0.31310344827586206, 1.0]]